000013240305132846000050581562
100004240305121725112195650980
100004240305124856112197459199
000015240305122648396677004285
000004240305100108696886369862
000016240305132708000016150550
000014240305132836226472616039
100004240304120617112159671515
100004240304120836112159574245
000016240304105927000009330666
100004240304091214112152636299
100004240304090946112153264319
000014240304092237254657984258
999999240304204215785562608862
100033240304160617000245524937
100004240304171346112170629434
100004240304162636112169134556
100004240304171606112170653738
100033240304163516000245658400
100004240304162438112168596873
100004240304171840112171048758
100004240304171226112170865073
100004240304181942112173383378
100004240304170837112170825499
000012240305174259312510743000
999999240305174314461464079932
100004240305155958112204343971
090405240305172949661132367462
110027240305193009963377823396
100004240305172101112207701766
000016240305211329000018933272
100004240305170906112207580661
000003240305180933002924819623
100033240305171036000250115199
100004240305164316112206554508
100004240305160038112204597203
100004240305171414112207633185
100033240305160004000249783057
000017240305174217381955405336
100033240305170845000250106507
000014240305180853231756760972
090405240305181137894058516144
100004240305170909112207080758
000015240305174218143666028722
090405240305172811282414165978
100004240305160020112203839693
100004240305164300112205798841
100004240305170820112206819963
100004240305163024112205660620
000014240305172854229670174961
100004240305164227112205793526
100004240305170928112207584381
100004240305170917112207582532
100004240305160911112203927990
100033240305181820000250444015
100004240305162123112205325023
000013240305170343000051197010
000003240305180833002924818058
100033240305170234000250077317
100004240305160019112204092793
000014240305181159296262282078
100004240305164236112205794944
100004240305162153112205075543
100004240306090759112224681946
100004240306092305112225846124
100004240306092331112225597658
000017240305174151350675405170
090405240305174241369898813336
100004240305160008112203837750
090405240305172922646385388064
100004240305164249112206549883
100004240305170942112207086130
090405240305151321456500093995
000013240302174343000044233043
100033240302182420000238433932
100004240302164322112102521211
000004240302135617618936485043
100004240302164026112102744510
100004240302183544112107776445
100004240302115014112092139457
100004240302112602112091636028
100004240303172958112135709196
100033240302172534000238159336
100004240302174856112105339721
090405240302194724461102980761
000014240302192607227105002830
100004240302133940112096735928
100004240302171448112103845690
090405240305090501938616149007
000002240306165349613296178644
100033240306154145000253944118
100004240306152102112238317291
100004240306154050112239016910
000014240306140624266935937461
100004240306140500112235855770
100004240306153818112239499502
100004240306145038112237666905
100004240306152706112238627184
100004240306154110112239526557
000015240306163957699897009365
090405240306164215112030888282
100004240306161720112240640184
100004240306163214112241295370
100004240306161428112240104874
100004240306164141112241775453
100004240306162557112240983893
100004240306160053112240225346
100033240306162826000254155826
999999240306183644232556719294
100004240307101302112262575556
100004240307095337112261372856
090405240307102010190787345021
100004240307100817112262140597
100004240307124622112268327563
100004240307100533112262115059
100004240307102503112263066277
100004240307114857112266145227
090405240307110320345527581606
100004240307095402112261628101
090405240307103832546605731352
090405240307112155366564635501
000004240307120456966053906683
090405240307105858134385414265
000013240307102109000054976553
100004240307105851112264540344
100004240307095654112262171822
100004240307093839112261096007
100004240307094545112261680448
090405240307112746224702620891
090405240307112936833420365517
000014240307104124249500176203
100004240306153813112238992317
090405240304115954604005746089