7012449715
7017765557
7088800964
8080907555
8127603944
9018988794
9018988794
9019078001
9023686867
9024823220
9027777546
9070603671
9115702210
9115820875
9116819886
7011114808
7083231267
7089976298
8022212133
8022925144
8025571841
8127084955
9013535314
9016661950
9016661950
9020213693
9025548976
9077806424
7018166615
7018166615
7083231267
7089976298
8022212133
8024758686
8025571841
8127084955
9011620033
9011620033
9020213693
9025548976
9025548976
9025548976
9029422149
9048005100
9026462697
9113130463
8121036768
9040166588
9022999994
8088438089
8120163319
9115497715
8021313750
9115691721
8121622228
9077947662
9019503239
7081924957
9121492284
9022775528
9115497715
9016368379
9077277428
8120500006
9018787543
7088012939
8085904357
8023108282
7086865227
7011119366
7011112506
8082148008
9073870216
9075584818
9024043979
8025130326
7085866520
9023238198
9112572214
9044098563
9029432445
8022221761
8122003424
9023368789
8089253946
9020403740
8088148858
8087065867
8081435700
9022889944
9043825006
9075011150
8085490546
8086876380
9018585399
9043686033
9025312611
9076278040
8022278686
9044707444
9020006767
9121522924
9022117701
8023877855
8025567364
9071383440
8024110445
7080966699
9123146848
9013841691
9077778013
9041357151
9016202000
9015156680
8082377888
8022110439
7086587070
7012147147
9028466278
8088446616
9012627278
8081039103
8023229956
8028767336
9026592456
8022367777
9070731866
8088499134
9018813524
9074909094
7080219165
9047955099
8122233469
9075860655
9122140168
9114877012
8123777552
8029388984
7017818128
9121560681
9114018897
8028808030
8029217276
9015045193
8081243651
7012373637
8021001380
8022587056
8021036098
9045464940
8148619925
9075383493
9021865586
9021865586
8080819240
9011045010
8022660138
8021313737
9048330663
8128002681
8125796224
9121599999
8021383187
7017165045
9042449858
9023358338
9014767350
7010692240
8122331765
8128551330
9122563575
8088247898
7085762417
9112191882
9074891007
9122022626
8126389982
7019757963
8085888063
7013255690
8021272915
9114107580
9112100196
9117626241
8087515191
7010448105
8024480601
9025849326
7088966080
9029622038
7088966080
9029622038
9014446455
9115656422
8083387378
9071177060
9021156264
8123405981
7085984480
9041511130
7019418243
7080402840
9019589439
8029121193
9017097695
8121113577
8085859553
7083892493
9070972536
8088345393
9023599194
8088079616
9046542432
8027471249
8029597108
7019494310
9126008028
9112544380
7082777772
8083090537
9077053539
9022223321
9120197936
9047621240
9041701687
9013132619
8029495487
7084336231
8027837659
7018836770
8023614422
9040354911
8085700806
7012833240
8120941489
8124871519
9122712985
8088886756
8124937942
8024449666
9124654913
9046746690
9128948266
9122953129
9122712985
9014520888
9128315932
7083972770
9043843676
7089031489
9021249425
9126785801
8023522915
9043952525
7017362982
9077447488
9044009704
9112401532
8128549517
9026186975
8125384726
9026742802
7010157179
7011812287
7015090834
7019205682
8020683627
8086455927
8120174490
9019611545
9021231717
9043020247
9070935213
9071157333
9116272670
9117301582
7012043611
8124310031
9028487666
7012466366
7012620366
7013254155
9042466545
9116379422
7086695976
8122248111
8128611052
8128709799
9027695435
9047000279
9049052373
9078539147
9116322695
7014623837
7016699910
7082030010
8023585344
8024563969
8026564051
8080413448
9022849372
9029895034
9049259092
9125601032
8023983861
8023983861
8028008250
8029701647
8029894817
8085088824
8086575398
7018914258
7013337488
7080533987
8022081873
8083391056
8122338845
8122680925
8122680925
8126774463
9020504430
9020504430
9024217682
9025539845
9074851583
9112163498
8083859286
8020384594
9025539845
8023230016
8023455837
8020384594
9046020976
9113617194
9042885366
7014915490
9023000040
9070177776
8080275544
8120321266
9020123347
7015742745
8088889922
8027388393
7019510356
8088215308
9115280376
9041418061
9114858976
8121217242
8026442227
8026346406
9042335365
8024553360
8083257039
8088658866
8088507774
8029295903
7018412405
9122221010
7018887572
7010032384
9047007720
8082404765
7012931853
9121041657
8089474653
8022690996
9043560308
8029803090
9122878060
7010184334
8028885695
8085061330
9048253828
9042524924
9042025446
8027842996
7080383475
8085440763
7084296640
9048861523
8126151540
9025259624
7089040010
9026544413
8083076298
7038888818
9044600300
8029229934
9121492284
9043313665
9076661215
7082658358
7012257331
9124342561
9120703582
9077200200
7082828133
8080652947
8022824442
8088500882
8089019943
7013757225
8127512822
8023777726
7089263491
8020922273
7085503913
9124342372
8123135165
8025269393
8022336581
9125384260
9115230460
9127939321
7011644965
9121421140
9018144686
9121161531
8080467798
9125043612
8022255655
8121466030
8029222020
8022693972
8128632313
9122222205
9124661253
8087908923
9124114400
8022267579
8022293099
9047549479
8023735555
8128029444
8082813236
9017301441
7010347047
8084383071
8084222106
7011188372
8080594442
8085506068
9122127979
7016846119
7016445818
7084553988
9027064063
8025468182
9079029197
9020182430
8084920068
8087169689
9018268589
7015370000
8121262963
9116990933
7011505689
9124554238
7012200156
9124971824
9026238032
9016272905
7087153405
9041624666
7082365850
8086318958
8025628522
7084012822
9040502526
9026846581
9027277142
9115497867
9121837640
9022244161
9115863184
9022997154
9123947288
9121421212
9043437869
7015877777
8088856881
9046328696
7016555568
8026080080
8081616880
9070209988
8126552062
9121806506
8026227249
8022869006
9013333103
7082679819
9117175151
9021974386
8088252637
9076757221
8025036222
8029202030
8088022284
8027532360
8024220266
8022222757
9045104508
8087640624
9027772237
9118044140
9015633333
9044588605
8088182046
7081071232
8021099907
7019361070
9042312742
8022290889
7010438289
7014008020
8022662121
8023222803
9014474103
8022252528
9012337771
8023232219
8091283685
7086102761
7011501111
9116298457
9116298457
9026362900
9075686257
8082651278
9112002784
9128845555
9041941296
8020856106
8022222924
8080316241
9025043399
9023888880
7080145322
8121403460
7018344318
8087858757
8022968258
8083598196
9046072581
8129911129
8080675000
9079690928
9114177233
7012300739
9041962022
9012223877
8080696980
7015055789
8086819059
8127771776
7088911029
7089268949
8026205374
7018412970
8128503570
9022471909
9022471909
9112559803
9025520555
9112367747
8087706138
8022950301
9072636039
7013333187
8023006556
8024498229
9127745600
8029361111
9071664900
8025252593
9048785823
7083593022
8022666628
8024407556
8024407556
8108325287
7088881688
9021006870
8022288285
8121412627
7018050505
9040953639
8026252587
8122224949
8022251846
8089003836
7012633333
7088887880
7018441933
7089990099
8085650400
8120477773
9045534000
7086771500
8083884544
9025629221
7087037981
9076400617
8082041225
8082429161
9122406542
8086656266
9011145900
8122652142
8025538878
7016169662
9075425888
8028087779
9123518747
9033131333
8087500345
8029259958
8024286556
8120588835
9123616090
8025895083
9022656520
9011901123
8080094948
9043299039
9117918521
8086796024
9045368461
9125016239
9027475707
8088212049
8122100011
9019998826
9116703465
9115046944
9113114936
9077771188
9072462564
9041665349
9027785073
8185990223
8088870000
7017826850
9112126262
7083603770
9123721755
8029202000
8122554320
8084366665
9040401790
7081899855
9075540012
8021359962
8024702724
9112488763
7080902720
9022021147
7014264436
9045352638
7083764444
9079837300
7012399888
8025697056
8129908429
9128608760
9122122861
7087007866
9117903831
8122072473
9018658195
8129401490
9072416754
9044611868
8021121194
8021212122
7081899855
8084289052
9025203133
8120842022
9121696939
7084449449
7084449449
9075897446
8020744150
8022327167
9040455281
7013161430
9075483870
7089176997
9020070007
7011199962
7088846444
9022911955
9121480376
9124711297
9127736366
7012740844
9078272065
8089796650
9075625862
7016054322
9026899156
8022106699
9073376222
8023346535
9129116152
9022293338
8025995581
7017102282
8025074700
9113985724
8122277070
9048315111
9073829767
9117894469
8022202909
8083802825
8123222367
7019442308
7088111666
8026933823
8083285066
9010099700
9022266688
8128782229
9025584361
9042687528
9115749904
9121088961
9124470076
8089079992
8120881540
9025108382
9075131312