9114998353
9116260630
8024887993
8122225530
9045087992
8123394919
8123648116
7011742444
8081828332
9019432447
7010951870
9028087128
9028288831
9029835314
9014903955
8088087399
8029233309
9124950447
7010515122
9075412865
8023589996
8026726065
8123197844
9021901594
8021118041
8024058108
9019947093
8026244032
7088454563
9125544849
9011966171
9114863014
9070982590
7017300452
7013464627
9019925355
9012002288
9115896298
7016359584
8026427444
8083728899
7013654089
9075662376
9024777993
7083214964
7081687699
8022217445
9077498916
9071100864
8086006841
7087145145
9017057703
9044824657
9017001000
7012676999
8025634533
9121119758
9016632811
9121130008
9022252575
9125916918
7011330060
9076482175
9128766075
9029954175
9015057061
9078478945
8123763678
8024358684
9042244662
8082114937
9117452770
9120408168
9041497512
7017455282
8126713689
8123082086
9122398900
8081222552
8081253313
9048808014
9017740716
8089139538
9016958673
7016447981
8083455759
8028914576